HV00872    29.820    11.320    0.005    11.381    0.005    -0.061    0.002 
HV00873    34.426    10.872    0.006    10.903    0.006    -0.029    0.002 
HV00875    30.338    11.094    0.003    11.077    0.003    0.016    0.001 
HV00876    22.716    11.558    0.006    11.592    0.007    -0.033    0.002 
HV00877    45.155    10.701    0.004    10.790    0.004    -0.089    0.002 
HV00878    23.306    11.531    0.007    11.559    0.007    -0.027    0.002 
HV00879    36.840    10.923    0.007    10.976    0.007    -0.052    0.002 
HV00881    35.740    10.945    0.007    10.996    0.007    -0.051    0.002 
HV00882    31.786    11.070    0.006    11.086    0.006    -0.016    0.002 
HV00883    133.400    9.523    0.011    9.479      0.010    0.044    0.001 
HV00885    20.703    11.368    0.003    11.395    0.003    -0.026    0.001 
HV00886    23.983    11.346    0.006    11.373    0.006    -0.027    0.002 
HV00887    14.486    12.113    0.004    12.123    0.004    -0.010    0.001 
HV00889    25.797    11.374    0.006    11.432    0.005    -0.057    0.003 
HV00891    17.272    11.861    0.005    11.873    0.005    -0.012    0.002 
HV00892    15.990    12.185    0.006    12.191    0.006    -0.004    0.001 
HV00893    21.115    11.638    0.006    11.673    0.006    -0.035    0.002 
HV00899    31.047    11.132    0.007    11.185    0.007    -0.051    0.002 
HV00900    47.515    10.510    0.006    10.547    0.006    -0.037    0.002 
HV00901    18.470    11.989    0.006    12.020    0.005    -0.033    0.002 
HV00902    26.340    11.269    0.006    11.281    0.006    -0.012    0.002 
HV00904    30.405    11.174    0.007    11.216    0.007    -0.042    0.002 
HV00909    37.566    10.795    0.005    10.808    0.005    -0.012    0.001 
HV00911    13.915    12.290    0.005    12.297    0.005    -0.007    0.002 
HV00914    6.879    13.122    0.011    13.088    0.009    0.032    0.005 
HV00932    13.281    12.300    0.004    12.304    0.005    -0.005    0.002 
HV00953    48.048    10.220    0.005    10.249    0.005    -0.025    0.002 
HV00955    13.700    12.173    0.004    12.177    0.004    -0.004    0.001 
HV00971    9.297    12.681    0.015    12.680    0.018    -0.001    0.005 
HV00997    13.145    12.356    0.005    12.367    0.005    -0.012    0.002 
HV01002    30.472    10.990    0.006    11.017    0.007    -0.026    0.002 
HV01003    24.339    11.295    0.005    11.300    0.005    -0.004    0.001 
HV01005    18.716    11.922    0.007    11.897    0.006    0.023    0.001 
HV01006    14.217    12.162    0.005    12.172    0.005    -0.010    0.001 
HV01013    24.131    11.392    0.006    11.458    0.005    -0.064    0.002 
HV01019    13.659    12.252    0.003    12.253    0.003    0.001    0.001 
HV01023    26.559    11.386    0.006    11.441    0.006    -0.052    0.002 
HV02244    13.977    12.219    0.004    12.230    0.005    -0.011    0.002 
HV02251    27.887    11.124    0.007    11.166    0.007    -0.043    0.002 
HV02257    39.395    10.722    0.006    10.784    0.006    -0.062    0.002 
HV02260    12.987    12.633    0.005    12.620    0.005    0.012    0.001 
HV02262    15.832    12.035    0.004    12.067    0.004    -0.034    0.002 
HV02270    13.625    12.399    0.004    12.424    0.004    -0.025    0.001 
HV02279    6.895    13.077    0.013    13.050    0.014    0.023    0.002 
HV02282    14.677    12.218    0.005    12.221    0.005    -0.003    0.002 
HV02291    22.317    11.667    0.006    11.706    0.006    -0.036    0.002 
HV02294    36.552    10.663    0.006    10.700    0.006    -0.036    0.002 
HV02324    14.466    12.205    0.005    12.221    0.004    -0.017    0.002 
HV02337    6.863    13.247    0.016    13.212    0.015    0.034    0.005 
HV02338    42.200    10.580    0.007    10.640    0.007    -0.057    0.002 
HV02339    13.880    12.139    0.004    12.143    0.004    -0.005    0.001 
HV02352    13.632    12.282    0.003    12.267    0.003    0.014    0.001 
HV02369    48.377    10.297    0.006    10.355    0.006    -0.058    0.003 
HV02405    6.924    13.309    0.011    13.283    0.012    0.025    0.005 
HV02432    10.918    12.446    0.015    12.427    0.016    0.018    0.005 
HV02447    118.350    9.440    0.006    9.438    0.005    0.003    0.002 
HV02463    13.965    12.142    0.004    12.134    0.004    0.006    0.001 
HV02527    12.950    12.452    0.005    12.456    0.005    -0.004    0.002 
HV02538    13.869    12.246    0.003    12.266    0.003    -0.020    0.002 
HV02549    16.220    11.885    0.004    11.891    0.004    -0.006    0.001 
HV02579    13.428    12.121    0.003    12.114    0.004    0.006    0.001 
HV02580    16.918    11.879    0.006    11.910    0.005    -0.031    0.001 
HV02733    8.722    12.887    0.011    12.855    0.010    0.029    0.005 
HV02749    23.105    11.625    0.004    11.682    0.004    -0.058    0.002 
HV02793    19.220    11.734    0.006    11.767    0.005    -0.033    0.002 
HV02827    78.802    9.744    0.004    9.824    0.003    -0.081    0.002 
HV02836    17.528    11.988    0.005    12.008    0.005    -0.019    0.002 
HV02854    8.635    12.810    0.016    12.785    0.013    0.024    0.005 
HV02883    108.970    9.953    0.010    9.958    0.009    -0.006    0.002 
HV05497    99.100    9.345    0.004    9.376    0.003    -0.030    0.002 
HV05655    14.211    12.308    0.005    12.325    0.005    -0.015    0.002 
HV06065    6.838    13.301    0.011    13.282    0.013    0.014    0.005 
HV06098    24.237    11.224    0.003    11.218    0.003    0.006    0.001 
HV08036    28.369    11.329    0.006    11.374    0.006    -0.044    0.002 
HV12452    8.736    12.837    0.016    12.832    0.015    0.003    0.005 
HV12471    15.863    12.178    0.004    12.208    0.004    -0.028    0.002 
HV12505    14.389    12.327    0.005    12.338    0.005    -0.013    0.001 
HV12656    13.400    12.269    0.002    12.248    0.002    0.020    0.001 
HV12700    8.153    12.975    0.011    12.953    0.012    0.022    0.005 
HV12717    8.843    12.877    0.015    12.842    0.015    0.034    0.005 
HV12724    13.744    12.419    0.004    12.444    0.005    -0.025    0.002 
HV12815    26.135    11.212    0.006    11.257    0.006    -0.042    0.002 
HV12816    9.108    12.890    0.011    12.869    0.011    0.019    0.002 
HV13048    6.853    13.165    0.011    13.152    0.013    0.010    0.005 
P71-U01    22.558    11.661    0.007    11.702    0.007    -0.038    0.002 
