SVul	1.835	4.358  0.003	4.394  0.003	-0.036  0.002	
GYSge	1.708	4.311  0.003	4.345  0.004	-0.034  0.003	
SVVul	1.653	3.711  0.005	3.788  0.005	-0.077  0.003	
UCar	1.589	3.357  0.005	3.415  0.006	-0.058  0.003	
lCar	1.551	0.925  0.004	1.047  0.004	-0.122  0.003	
TMon	1.432	3.359  0.006	3.425  0.005	-0.066  0.003	
WZSgr	1.339	4.364  0.006	4.443  0.005	-0.079  0.003	
RUSct	1.294	4.856  0.005	4.873  0.005	-0.017  0.002	
SZAql	1.234	4.981  0.005	5.032  0.005	-0.051  0.002	
YOph	1.234	2.528  0.002	2.500  0.002	0.028  0.001	
CDCyg	1.232	5.477  0.005	5.530  0.005	-0.053  0.002	
XCyg	1.214	3.678  0.005	3.728  0.005	-0.050  0.002	
TTAql	1.138	3.875  0.005	3.909  0.004	-0.034  0.002	
V340Nor	1.053	5.453  0.002	5.480  0.002	-0.027  0.001	
TWNor	1.033	6.152  0.003	6.160  0.004	-0.008  0.002	
zetaGem	1.007	2.025  0.002	2.037  0.003	-0.012  0.001	
betaDor	0.993	1.858  0.003	1.871  0.003	-0.013  0.002	
SNor	0.989	4.066  0.003	4.085  0.003	-0.019  0.002	
SSge	0.923	3.652  0.003	3.661  0.003	-0.009  0.001	
DLCas	0.903	5.783  0.003	5.791  0.003	-0.008  0.001	
UVul	0.903	3.797  0.003	3.778  0.003	0.019  0.001	
WSgr	0.881	2.721  0.003	2.719  0.004	0.002  0.001	
etaAql	0.856	1.864  0.003	1.865  0.003	-0.001  0.001	
UAql	0.847	3.738  0.003	3.736  0.003	0.002  0.001	
XSgr	0.846	2.423  0.003	2.409  0.003	0.014  0.001	
USgr	0.829	3.824  0.003	3.822  0.003	0.002  0.001	
V367Sct	0.799	6.437  0.001	6.410  0.002	0.027  0.001	
YSgr	0.761	3.486  0.003	3.483  0.003	0.003  0.001	
VCen	0.740	4.405  0.003	4.400  0.003	0.005  0.001	
CVMon	0.731	6.375  0.003	6.360  0.003	0.015  0.001	
deltaCep	0.730	2.221  0.003	2.217  0.003	0.004  0.001	
CEaCas	0.711	7.720  0.003	7.705  0.003	0.015  0.001	
CFCas	0.688	7.809  0.002	7.783  0.002	0.026  0.001	
CEbCas	0.651	7.888  0.003	7.851  0.003	0.037  0.001	
FFAql	0.650	3.378  0.001	3.353  0.001	0.025  0.001	
TVul	0.647	4.114  0.003	4.111  0.003	0.003  0.001	
RTAur	0.571	3.853  0.003	3.849  0.003	0.004  0.001	
