HV00817  1.2765  12.094  0.024  12.063  0.023 
HV00824  1.8191  10.270  0.029  10.267  0.030 
HV00829  1.9258  9.871  0.031  9.836  0.030 
HV00834  1.8670  10.139  0.022  10.137  0.015 
HV00836  0.9733  13.234  0.073  13.199  0.074 
HV00837  1.6309  11.042  0.039  11.047  0.037 
HV00840  1.5189  11.392  0.048  11.391  0.048 
HV00843  1.1677  12.738  0.040  12.745  0.037 
HV00847  1.4326  11.782  0.044  11.791  0.045 
HV00854  1.2031  12.518  0.039  12.493  0.038 
HV00855  1.5179  11.560  0.040  11.576  0.040 
HV00856  1.0848  13.062  0.037  13.052  0.035 
HV00857  1.0786  12.847  0.092  12.829  0.102 
HV00863  1.4617  11.381  0.046  11.378  0.048 
HV00865  1.5228  11.167  0.048  11.158  0.048 
HV01326  1.1375  12.926  0.033  12.915  0.025 
HV01328  1.1997  12.503  0.017  12.478  0.019 
HV01333  1.2120  12.711  0.032  12.689  0.033 
HV01334  0.9755  13.221  0.078  13.214  0.085 
HV01335  1.1578  12.898  0.029  12.867  0.028 
HV01338  0.9292  13.584  0.086  13.535  0.075 
HV01342  1.2539  12.511  0.012  12.476  0.012 
HV01345  1.1296  12.841  0.030  12.818  0.030 
HV01351  1.1170  12.959  0.018  12.938  0.021 
HV01363  1.0286  13.237  0.061  13.238  0.077 
HV01365  1.0939  13.174  0.028  13.124  0.030 
HV01372  1.1979  12.852  0.042  12.818  0.033 
HV01373  1.1370  12.858  0.035  12.853  0.031 
HV01382  1.0367  13.213  0.093  13.173  0.087 
HV01400  0.8227  13.690  0.063  13.674  0.076 
HV01430  1.3797  12.085  0.046  12.090  0.045 
HV01438  1.1351  12.762  0.019  12.719  0.017 
HV01442  1.1844  12.654  0.024  12.604  0.026 
HV01451  1.4782  11.631  0.040  11.659  0.039 
HV01478  1.2438  12.684  0.038  12.675  0.035 
HV01482  1.1993  12.601  0.030  12.557  0.027 
HV01501  1.4379  11.869  0.048  11.861  0.044 
HV01522  1.3454  12.138  0.042  12.144  0.042 
HV01533  1.2158  12.689  0.035  12.685  0.033 
HV01543  1.3108  12.346  0.042  12.337  0.041 
HV01553  1.0987  12.994  0.028  12.950  0.018 
HV01560  1.1906  12.594  0.035  12.589  0.032 
HV01610  1.0661  12.969  0.073  12.952  0.088 
HV01630  1.0569  12.993  0.091  12.950  0.076 
HV01682  1.0845  12.951  0.023  12.944  0.024 
HV01689  0.8353  13.359  0.051  13.295  0.048 
HV01695  1.1641  12.588  0.030  12.560  0.026 
HV01705  1.0317  13.143  0.069  13.110  0.071 
HV01744  1.1012  12.791  0.025  12.765  0.023 
HV01783  0.9111  13.504  0.078  13.521  0.103 
HV01787  1.2093  12.393  0.036  12.386  0.033 
HV01835  1.2107  12.510  0.035  12.504  0.036 
HV01855  0.8350  13.709  0.078  13.689  0.090 
HV01873  1.1119  12.889  0.034  12.861  0.036 
HV01877  1.6966  10.831  0.034  10.852  0.033 
HV01884  1.2579  12.302  0.035  12.306  0.032 
HV01925  1.2355  12.280  0.018  12.242  0.015 
HV01950  0.9025  13.322  0.066  13.307  0.110 
HV01954  1.2225  12.147  0.016  12.130  0.018 
HV01956  2.3197  9.454  0.059  9.317  0.040 
HV01967  1.4636  11.626  0.040  11.619  0.043 
HV01996  1.1535  12.915  0.034  12.919  0.035 
HV02017  1.0573  12.905  0.103  12.884  0.085 
HV02052  1.0996  12.662  0.029  12.646  0.023 
HV02060  1.0079  12.828  0.051  12.793  0.059 
HV02063  1.0479  12.926  0.082  12.926  0.080 
HV02064  1.5273  11.548  0.042  11.562  0.042 
HV02088  1.1638  12.762  0.042  12.765  0.045 
HV02103  0.9535  13.319  0.071  13.290  0.086 
HV02189  1.1294  12.722  0.032  12.707  0.032 
HV02195  1.6214  10.994  0.027  11.009  0.023 
HV02201  1.0512  12.747  0.068  12.760  0.097 
HV02202  1.1203  12.595  0.029  12.577  0.030 
HV02205  1.4053  11.876  0.048  11.882  0.049 
HV02209  1.3551  11.788  0.018  11.757  0.017 
HV02225  1.1191  12.710  0.030  12.716  0.034 
HV02227  1.0957  12.790  0.031  12.781  0.034 
HV02229  1.0191  12.862  0.090  12.843  0.084 
HV02230  1.0979  12.670  0.025  12.679  0.026 
HV02231  1.5646  11.234  0.029  11.259  0.028 
HV10355  1.0017  13.337  0.067  13.322  0.057 
HV10366  1.1504  12.591  0.018  12.558  0.017 
HV11112  0.8255  13.875  0.047  13.817  0.068 
HV11116  1.0206  13.324  0.078  13.273  0.061 
HV11129  1.3888  12.152  0.045  12.154  0.043 
HV11157  1.8388  10.501  0.019  10.529  0.016 
HV11182  1.5932  11.343  0.033  11.376  0.029 
HV11211  1.3302  11.786  0.046  11.781  0.041 
HV12108  1.1935  12.495  0.024  12.458  0.026 
HV12951  1.4773  11.735  0.034  11.753  0.028 
